
basra={
	location=1335
	color={
		12 65 82
	}
	outgoing={
		name="aleppo"
		path={
			408 409 406 382 377
		}
		control={
			3542.000000 1156.000000 
			3501.000000 1170.000000 
			3487.000000 1204.000000 
			3448.000000 1222.000000 
			3423.000000 1245.000000 
		}
	}
	outgoing={
		name="persia"
		path={
			412 413 428 426
		}
		control={
			3564.000000 1167.000000 
			3561.000000 1228.000000
			3591.000000 1234.000000 
		}
	}
	members={
		1335 412 2217 4289 4290 4342 394 395 396 2340 2347 393 2338 4272 392 
		2337 4273 4274 2339 4275 408 2311 2312 4288 406 409 410 2310 4291 413 
		2209 415 4293 4294 2334 4276 430 4331 4332
	}
}
persia={
	location=4339
	color={
		204 119 31 
	}
	inland=yes
	outgoing={
		name="aleppo"
		path={
			1326 421 2202 2205 418 407 377
		}
		control={
			3581.000000 1304.000000 
			3568.000000 1326.000000 
			3536.000000 1309.000000 
			3507.000000 1304.000000 
			3463.000000 1307.000000 
			3445.000000 1263.000000 
		}
	}
	outgoing={
		name="astrakhan"
		path={
			1326 421 425 2199 2208
		}
		control={
			3595.000000 1300.000000 
			3578.000000 1332.000000 
			3548.000000 1380.000000 
			3535.000000 1410.000000 
		}
	}
	members={
		414 2215 417 4339 4338 2210 2207 2206 4304 2205 419 4302 420 4305 
		4299 421 4340 2212 4300 416 424 2202 2211
	}
}
aleppo={
	location=377
	color={
		202 150 172 
	}
	outgoing={
		name="constantinople"
		path={
			1317 1848 322 317 1320
		}
		control={
			3308.000000 1243.000000 3264.000000 1243.000000 3239.500000 1253.500000 3205.500000 1316.500000 
		}
	}
	outgoing={
		name="alexandria"
		path={
			1316 1315 358 
		}
		control={
			3353.000000 1241.000000 3335.000000 1200.000000 3284.000000 1180.000000 
		}
	}
	members={
		418 2306 2307 4295 4296 377 1849 2313 4298 378 382 1855 4297 407 411 2309 2314 4292 332 2303 2308 4310 405 4270 4271 321 327 2302 323 324 2301 4307
	}
}
alexandria={
	location=358
	color={
		200 200 102 
	}
	outgoing={
		name="constantinople"
		path={
			362 363 1316 1932 318 317 1320 
		}
		control={
			3272.000000 1172.000000 3275.000000 1197.000000 3266.000000 1216.000000 3236.000000 1243.000000 3203.000000 1286.000000 3203.000000 1315.000000 3216.000000 1325.000000 3227.000000 1333.000000 
		}
	}
	outgoing={
		name="venice"
		path={
			1315 1318 145 1773 144 143 1310 1309 1308 
		}
		control={
			3253.000000 1183.000000 3216.000000 1220.000000 3160.000000 1229.000000 3130.000000 1251.000000 3108.000000 1291.000000 3100.000000 1332.000000 3080.500000 1356.000000 3031.000000 1383.000000 
		}
	}
	outgoing={
		name="genua"
		path={
			357 1314 1313 1306 1302 1303 1298 1297 
		}
		control={
			3239.500000 1153.500000 3180.000000 1204.000000 3093.000000 1203.000000 3017.500000 1244.500000 2977.000000 1288.000000 2967.000000 1347.000000 2935.000000 1348.000000 
		}
	}
	members={
		1234 364 379 1854 384 2329 2330 383 2328 4268 4269 4277 380 381 2327 365 2315 2320 2321 1233 2318 4323 358 362 363 361 2316 4316 4317 359 2317 4318 360 1231 2319 4319 4320 356 357 2325 2326 4321 4322
	}
}
astrakhan={
	location=464
	inland=yes
	outgoing={
		name="kazan"
		path={
			466 303 1081 1082 
		}
		control={
			3509.000000 1488.000000 3516.000000 1547.000000 3559.000000 1606.000000 
		}
	}
	outgoing={
		name="crimea"
		path={
			468 287 1323 
		}
		control={
			3486.000000 1439.000000 3417.000000 1425.000000 3342.000000 1405.000000 
		}
	}
	members={
		288 303 465 467 469 470 474 1971 2365 2367 2366 2409 2418 2419 472 471 464 466 468 2416 2417 302 304 2415 425 2198 2199 2208 4306 
	}
}
crimea={
	location=1322
	color={
		59 158 125 
	}
	outgoing={
		name="kiev"
		path={
			284 282 281 280 
		}
		control={
			3307.169922 1429.410034 3297.000000 1470.000000 3290.000000 1506.000000 
		}
	}
	outgoing={
		name="constantinople"
		path={
			1322 1321 1320 
		}
		control={
			3314.000000 1403.000000 3279.000000 1379.500000 
		}
	}
	outgoing={
		name="pest"
		path={
			4706 2998 4531 160 2746 156 1954 155 
		}
		control={
			3268.000000 1423.000000 3248.000000 1426.000000 3241.000000 1408.000000 3226.000000 1404.000000 3208.000000 1394.000000 3174.000000 1397.000000 3157.000000 1408.000000 3163.000000 1414.000000 3156.000000 1419.000000 3132.000000 1417.000000 3125.000000 1426.000000 3121.000000 1444.000000 3124.000000 1449.000000 3119.000000 1458.000000 
		}
	}
	members={
		1323 1322 462 1856 463 2201 2195 2197 282 1974 2406 286 287 2413 2414 284 285 2410 2447 283 2411 2412 330 331 2305 422 268 1756 2405 423 2203 4301 2196 2204 4303 4529 4530 
	}
}
constantinople={
	location=1320
	color={
		126 203 120 
	}
	outgoing={
		name="ragusa"
		path={
			149 1765 1766 138 137 
		}
		control={
			3211.000000 1343.500000 3173.000000 1364.000000 3142.000000 1365.000000 3115.000000 1361.000000 
		}
	}
	members={
		1320 149 151 1764 325 328 2299 2304 150 159 1765 2746 2750 329 1846 2300 4314 4315 316 317 2296 322 1848 4308 4311 318 319 2297 2298 4309 326 4312 4313 164 320 1319 2348 3003 4700 4703 4704 4705 4706 4779 
	}
}
kiev={
	location=280
	inland=yes
	outgoing={
		name="novgorod"
		path={
			278 292 275 311 310 
		}
		control={
			3260.000000 1570.000000 3296.500000 1603.000000 3290.500000 1651.000000 3300.000000 1680.000000 
		}
	}
	outgoing={
		name="krakow"
		path={
			279 260 262 
		}
		control={
			3221.000000 1531.000000 3171.000000 1539.000000 
		}
	}
	members={
		2961 261 4541 2424 1940 279 281 1943 2962 278 1941 291 298 299 2408 293 297 4244 4245 296 300 4116 4538 280 1942 1944 4247 289 290 1945 2407 292 771 4246 276 4115 4242 4537 4545 4544 4540 4539 4542 4543 
	}
}
kazan={
	location=1082
	inland=yes
	outgoing={
		name="novgorod"
		path={
			306 307 308 312 310
		}
		control={
			3474.000000 1641.000000 3427.000000 1649.000000 3396.000000 1686.000000 3370.000000 1720.000000 
		}
	}
	outgoing = {
		name = "white_sea"
		path = {
			305 1963 4129 4257
		 }
		control = {
			3686.000000 1687.000000 3687.000000 1753.000000 3578.500000 1780.000000 3453.500000 1836.500000
		 }
	}
	members={
		306 1079 1083 1957 2421 4265 4267 475 1965 1966 2420 2444 473 1081 2423 1082 2422 4264 305 1962 1972 4266 
	}
}
novgorod={
	location=33
	color={
		97 126 37 
	}
	outgoing={
		name="baltic_sea"
		path={
			34 36 1926
		}
		control={
			3262.000000 1736.000000 3194.000000 1730.000000 3156.000000 1720.000000 
		}
	}
	outgoing={
		name="white_sea"
		path={
			1261 309 1652 
		}
		control={
			3372.500000 1863.000000 
		}
	}
	members={
		30 32 309 4124 33 34 1961 274 275 1960 4148 310 311 1959 2749 4260 294 1752 4243 4248 4249 301 1778 4255 295 4251 4252 307 4147 4253 308 1753 4117 4250 1754 1956 4254 312 4259 4261 
	}
}
tunis={
	location=341
	color={
		146 134 57 
	}
	outgoing={
		name="sevilla"
		path={
			340 339 1301 1294 1293 
		}
		control={
			2927.000000 1239.000000 2892.000000 1249.000000 2856.000000 1284.500000 2777.000000 1247.500000 
		}
	}
	outgoing={
		name="valencia"
		path={
			2455 1302 1301 1295 
		}
		control={
			2941.000000 1280.000000 2912.000000 1295.000000 2882.000000 1304.000000 2873.000000 1308.000000 2848.000000 1290.000000 2840.000000 1292.000000 2838.000000 1311.000000 2827.000000 1322.000000 
		}
	}
	outgoing={
		name="genua"
		path={
			1302 1300 1297 
		}
		control={
			2960.000000 1286.000000 2914.500000 1317.500000 
		}
	}
	members={
		355 339 340 341 350 351 352 353 354 1882 2448 2449 2450 2451 2452 2453 2454 2455 2456 2457 2458 2472 2473 2474 2954 4566 4567 
	}
}
ragusa={
	location=137
	outgoing={
		name="pest"
		path={
			1831 3002 4755 4173 4126 
		}
		control={
			3105.000000 1405.000000 3106.000000 1427.000000 3101.000000 1441.000000 
		}
	}
	outgoing={
		name="venice"
		path={
			136 1308 
		}
		control={
			3065.000000 1381.000000 
		}
	}
	outgoing={
		name="genua"
		path={
			1310 1311 1307 1304 1303 1298 1297 
		}
		control={
			3101.000000 1349.000000 3096.500000 1299.000000 3055.000000 1269.000000 3041.500000 1303.000000 2984.000000 1338.000000 
		}
	}
	members={
		137 138 139 140 141 142 143 144 147 1766 1827 1831 1853 3000 3002 3001 4174 4175 4176 131 148 1828 136 1826 4239 145 146 163 1773 4702 4699 4698 4701 4750 4752 4753 4754 4755 4757 4780 
	}
}
safi={
	location=1110
	color={
		191 110 62 
	}
	outgoing={
		name="sevilla"
		path={
			342 1293 
		}
		control={
			2655.000000 1168.000000 2667.000000 1183.000000 2698.000000 1198.000000 2709.000000 1228.000000 
		}
	}
	members={
		344 345 346 347 348 1110 2460 2464 2466 2467 2468 2469 2470 342 343 349 2459 2462 2463 336 337 338 2461 2465 4564 4562 4568 
	}
}
pest={
	location=153
	color={
		172 95 81 
	}
	inland=yes
	outgoing={
		name="wien"
		path={
			4240 135 
		}
		control={
			3092.000000 1474.000000 
		}
	}
	outgoing={
		name="krakow"
		path={
			1318 2960 
		}
		control={
			3116.000000 1492.000000 3122.000000 1501.000000 3123.000000 1510.000000 
		}
	}
	members={
		135 153 1864 4126 4240 155 1953 1954 4125 154 162 1318 1772 4236 157 158 1952 4127 156 1951 4128 152 1767 4173 4756 160 161 2998 4531 4532 
	}
}
krakow={
	location=262
	inland=yes
	outgoing={
		name="wien"
		path={
			263 4726 265 1770 
		}
		control={
			3106.000000 1520.000000 3084.000000 1516.000000 3077.000000 1508.000000 3070.000000 1500.000000 3061.000000 1494.000000 
		}
	}
	outgoing={
		name="saxony"
		path={
			263 264 1763 
		}
		control={
			3083.000000 1532.000000 3069.000000 1548.000000 3034.000000 1562.000000 
		}
	}
	outgoing={
		name="baltic_sea"
		path={
			258 255 1859 43 1927 1926
		}
		control={
			3097.000000 1544.000000 3089.000000 1554.000000 3095.000000 1580.000000 3096.000000 1605.000000 3118.000000 1637.000000 
		}
	}
	members={
		258 259 260 262 263 264 256 257 269 277 1938 1939 254 255 1937 2959 2960 2966 4238 2963 1859 4523 4524 4526 4528 4525 4527 4533 4723 
	}
}
wien={
	location=134
	color={
		220 220 220 
	}
	inland=yes
	outgoing={
		name="venice"
		path={
			132 128 1769 1308 4738 
		}
		control={
			3026.000000 1470.000000 3028.000000 1456.000000 3021.000000 1442.000000 
		}
	}
	outgoing={
		name="rheinland"
		path={
			133 64 1757 67 66 79 1876 
		}
		control={
			3033.000000 1484.000000 3006.000000 1499.000000 2992.000000 1505.000000 2984.000000 1509.000000 2978.000000 1514.000000 2960.000000 1513.000000 2947.000000 1514.000000 
		}
	}
	outgoing={
		name="saxony"
		path={
			1770 267 266 1771 61 59 
		}
		control={
			3031.000000 1503.000000 3030.000000 1518.000000 3027.000000 1534.000000 
		}
	}
	members={
		64 65 76 128 132 133 134 1757 1770 1863 2955 2956 2957 68 1868 70 1872 73 110 1768 4707 4708 4709 4710 4711 4712 4713 4758 4759 4760 4761 4762 265 4237 4726 
	}
}
saxony={
	location=61
	color={
		36 182 69 
	}
	inland=yes
	outgoing={
		name="rheinland"
		path={
			62 63 81 1876 
		}
		control={
			2998.000000 1544.000000 2970.000000 1532.000000 2956.500000 1530.000000 
		}
	}
	outgoing={
		name="lubeck"
		path={
			58 52 51 46 45 
		}
		control={
			2990.000000 1555.000000 2991.000000 1578.000000 
		}
	}
	members={
		49 50 57 62 63 1758 51 60 61 267 1759 1763 1771 52 58 59 2964 2965 2967 2971 2969 266 2968 2970 2993 4724 4725 4741 4742 4743 4744 4747 4748 4773 4778 
	}
}
baltic_sea={
	location=1926
	color={
		8 82 165 
	}
	outgoing={
		name="lubeck"
		path={
			1255 1257 45 
		}
		control={
			3089.000000 1696.000000 3072.000000 1648.000000 3044.000000 1636.000000 3015.000000 1620.000000 2984.000000 1605.000000 
		}
	}
	members={
		1926 1 2 3 4 5 1985 8 9 11 18 19 25 27 28 29 31 35 37 38 39 40 271 273 4536 272 770 4535 1930 1935 1936 41 42 43 1841 767 2958 2997 4113 4114 4123 4152 4166 270 36 1834 1842 4241 4534 
	}
}
rheinland={
	location=1876
	color={
		114 171 184 
	}
	inland=yes
	outgoing={
		name="champagne"
		path={
			83 1760 80 188 187 186 
		}
		control={
			2928.000000 1531.000000 2912.000000 1541.000000 2902.500000 1543.500000 2881.500000 1535.500000 
		}
	}
	outgoing={
		name="lubeck"
		path={
			1762 53 1857 45
		}
		control={
			2954.000000 1549.000000 2966.000000 1562.000000 2962.000000 1579.000000 2972.000000 1591.500000 
		}
	}
	members={
		56 72 74 75 77 78 79 80 81 82 83 84 85 86 1760 1761 1869 1870 1876 1878 1880 2973 2975 166 1873 2972 1762 66 67 4714 4718 4715 4716 4717 71 69 4722 4765 4767 4768 4774 4775 
	}
}
white_sea={
	location=1652
	color={
		210 46 28 
	}
	outgoing={
		name="north_sea"
		path={
			1263 1264 1265 1929 1266 1975 
		}
		control={
			3453.000000 1897.000000 3447.000000 1948.000000 3339.000000 1992.000000 3187.000000 2034.000000 3076.000000 1993.000000 2987.000000 1944.000000 2942.000000 1864.000000 2862.000000 1790.000000 2868.000000 1711.000000 2847.000000 1660.000000 
		}
	}
	members={
		1652 315 1777 1963 2425 2426 4151 1077 1755 1964 4129 1955 4122 4256 4257 313 1776 1958 4258 314 4262 4263 
	}
}
north_sea={
	location=1975
	color={
		117 165 188 
	}
	outgoing={
		name="english_channel"
		path={
			1270 236 
		}
		control={
			2851.000000 1611.000000 
		}
	}
	outgoing={
		name="lubeck"
		path={
			1266 1267 1259 1258 45 
		}
		control={
			2882.000000 1665.000000 2955.000000 1690.500000 2983.000000 1670.000000 2979.000000 1645.000000 2974.000000 1637.000000 2979.000000 1627.000000 2976.000000 1618.000000 2974.000000 1612.000000 2981.000000 1606.000000 
		}
	}
	members={
		1975 1266 1280 1281 1282 1929 4153 4146 248 249 251 246 247 4361 4362 253 4364 4365 250 252 369 4110 4363 375 376 4119 373 374 4120 4379 372 4121 4380 4118 4377 4378 10 20 21 1978 1979 370 371 23 24 2752 4145 4375 244 
	}
}
lubeck={
	location=45
	color={
		190 70 70 
	}
	outgoing={
		name="english_channel"
		path={
			1857 44 1268 1269 
		}
		control={
			2966.000000 1599.000000 2957.000000 1596.000000 2915.000000 1602.000000 2868.000000 1576.000000 
		}
	}
	members={
		6 12 13 14 15 16 17 22 26 44 45 46 47 48 53 54 55 1775 1857 1874 1858 1981 1982 1983 1984 7 2994 2995 2996 4141 4142 4143 4144 4149 4163 4164 4165 4749 4745 4746 4771 4772 4786 
	}
}
bordeaux={
	location=1276
	color={
		36 132 247 
	}
	outgoing={
		name="champagne"
		path={
			1275 172 178 184 185 
		}
		control={
			2756.000000 1449.500000 2785.000000 1452.000000 2805.000000 1459.000000 2832.000000 1470.000000 
		}
	}
	members={
		1276 190 195 199 169 170 171 172 4384 194 198 4112 180 4111 4386 4387 173 209 210 174 175 176 177 178 4389 2989 4694 4697 4777 
	}
}
sevilla={
	location=1293
	color={
		57 160 101 
	}
	outgoing={
		name="valencia"
		path={
			4546 223 222 221 1295 
		}
		control={
			2751.000000 1257.000000 2780.000000 1258.000000 2798.000000 1275.000000 2812.000000 1300.000000 
		}
	}
	members={
		206 207 208 1746 215 216 231 232 1293 217 218 219 221 222 223 224 225 226 227 228 229 230 334 335 367 1745 1747 1748 1749 1751 1851 2754 2755 2751 4150 4546 4547 4548 4551 4552 4553 4554 4555 4556 4558 4561 4563 368 366 4565 4787 4788 4789 
	}
}
champagne={
	location=186
	color={
		193 26 14 
	}
	inland=yes
	outgoing={
		name="genua"
		path={
			187 193 203 204 2991 102 1298 
		}
		control={
			2891.000000 1487.000000 2893.000000 1450.000000 2878.000000 1435.000000 2882.000000 1409.500000 2880.500000 1385.500000 
		}
	}
	outgoing={
		name="english_channel"
		path={
			181 1866 92 1744 1269 
		}
		control={
			2862.000000 1510.000000 2858.000000 1532.000000 2865.000000 1540.000000 2871.000000 1550.000000 
		}
	}
	members={
		182 183 185 4388 179 184 4776 181 186 4390 187 188 189 165 1867 1871 91 93 94 1866 191 192 193 1877 4392 203 204 205 4719 4720 4721 4764 4766 
	}
}
valencia={
	location=1295
	color={
		87 70 168 
	}
	outgoing={
		name="genua"
		path={
			213 1296 1297 
		}
		control={
			2893.000000 1353.500000 
		}
	}
	members={
		1295 197 212 213 2987 2988 220 1750 4549 4550 211 214 2990 4557 333 4559 4560 196 200 2753 4391 4695 
	}
}
genua={
	location=1298
	color={
		218 215 56 
	}
	members={
		1298 124 125 126 2982 115 116 117 2978 2980 123 1934 2984 101 102 2992 103 1875 2981 127 1247 2986 201 202 2991 4696 4727 4735 4736 4737 118 2976 4731 4732 121 2983 4734 104 1862 2979 4728 4740 
	}
	end=yes
}
venice={
	location=1308
	color={
		54 167 156 
	}
	members={
		105 106 107 108 109 111 112 113 114 119 120 122 129 130 1308 1769 1774 1933 2977 2985 4729 4730 4733 4738 4739 4751 
	}
	end=yes
}
english_channel={
	location=1269
	color={
		220 138 57 
	}
	members={
		1269 1270 1271 167 168 1879 4385 87 88 89 1743 241 242 4366 4369 245 4367 4368 4785 239 240 4372 243 1860 1861 4370 4376 233 234 4130 4373 4374 235 236 237 238 4371 92 95 98 99 2974 96 97 4383 100 1931 4381 4382 90 1744 1865 4769 4770 1742 
	}
	end=yes
}
